000010 0 1 01011011101110001111110110000 1 0000 1110101011111010010010
000010 1 0 01011011101110001111110110000 0 1111 1110101011111010010010


010001 0 1 10000101011110010101000011101 0 0100 0101101101001000111101
010001 1 0 10000101011110010101000011101 0 0100 0101101101001000111101

01111 0 1 1110010001010100100010001101010111 1  1111101110100110000010
01111 1 0 1110010001010100100010001101010111 0  1111101110100110000010

10010 0 1 001001011010010101110000000001000111010000000100010000101
10010 1 0 001001011010010101110000000001000111010000000100010000101

101001 1 0001011101001000100101010010000101  0  1000110011010010100100
101001 0 0001011101001000100101010010000101  1  1000110011010010100100
